279.96 283.48 1
287.96 290.4 1
308.6 310.84 1
331.0 333.72 1
460.68 464.84 1
464.44 467.68 1
1524.96 1527.12 1
1808.72 1810.92 1
1872.96 1875.64 1
2138.16 2141.64 1
2150.08 2153.96 1
2650.76 2652.92 1
2654.16 2656.44 1
2669.04 2671.8 1
2883.12 2887.0 1
3662.52 3665.72 1
3853.04 3854.88 1
4149.88 4152.0 1
4295.8 4298.08 1
4405.8 4410.4 1
4596.24 4600.56 1
4605.6 4609.72 1
4649.8 4652.72 1
4860.96 4863.96 1
5366.52 5369.24 1
5413.08 5417.88 1
5628.88 5630.6 1
5873.68 5876.6 1
5882.72 5887.4 1
5893.56 5896.44 1
5895.52 5899.44 1
5907.32 5910.6 1
5945.76 5950.4 1
